// A for All (p6) Dean Hickerson
const pattern1 = [
[
  0, 0, 0, 0, 0, 0, 0, 0, 0, 1, 1, 0,
  0, 0, 0, 0, 0, 0, 0, 0, 0, 0, 0, 0,
  0, 0, 0, 0, 0, 0, 0, 0, 1, 0, 0, 1,
  0, 0, 0, 0, 0, 0, 0, 0, 0, 0, 0, 0,
  0, 0, 0, 0, 1, 1, 1, 1, 0, 0, 0, 0,
  0, 0, 0, 0, 0, 0, 0, 0, 0, 0, 0, 0,
  0, 0, 1, 0, 1, 0, 0, 1, 0, 1, 0, 0,
  0, 0, 0, 0, 0, 0, 0, 0, 0, 1, 0, 0,
  0, 0, 0, 0, 0, 0, 1, 0, 0, 0, 0, 0,
  0, 0, 0, 0, 0, 0, 0, 0, 0, 1, 0, 0,
  0, 0, 0, 0, 0, 0, 1, 0, 0, 0, 0, 0,
  0, 0, 0, 0, 0, 0, 1, 0, 1, 0, 0, 1,
  0, 1, 0, 0, 0, 0, 0, 0, 0, 0, 0, 0,
  0, 0, 0, 0, 0, 0, 0, 0, 1, 1, 1, 1,
  0, 0, 0, 0, 0, 0, 0, 0, 0, 0, 0, 0,
  0, 0, 0, 0, 1, 0, 0, 1, 0, 0, 0, 0,
  0, 0, 0, 0, 0, 0, 0, 0, 0, 0, 0, 0,
  0, 0, 0, 0, 0, 1, 1, 0, 0, 0, 0, 0,
  0, 0, 0, 0
],
[
  0, 0, 0, 0, 0, 0, 0, 0, 0, 1, 1, 0,
  0, 0, 0, 0, 0, 0, 0, 0, 0, 0, 0, 0,
  0, 0, 0, 0, 0, 0, 0, 0, 1, 0, 0, 1,
  0, 0, 0, 0, 0, 0, 0, 0, 0, 0, 0, 0,
  0, 0, 0, 0, 1, 0, 0, 1, 0, 0, 0, 0,
  0, 0, 0, 0, 0, 0, 0, 0, 0, 0, 0, 0,
  0, 0, 0, 1, 1, 0, 0, 1, 1, 0, 0, 0,
  0, 0, 0, 0, 0, 0, 0, 0, 0, 1, 1, 0,
  0, 0, 0, 0, 0, 1, 1, 0, 0, 0, 0, 0,
  0, 0, 0, 0, 0, 0, 0, 0, 0, 1, 1, 0,
  0, 0, 0, 0, 0, 1, 1, 0, 0, 0, 0, 0,
  0, 0, 0, 0, 0, 0, 0, 1, 1, 0, 0, 1,
  1, 0, 0, 0, 0, 0, 0, 0, 0, 0, 0, 0,
  0, 0, 0, 0, 0, 0, 0, 0, 1, 0, 0, 1,
  0, 0, 0, 0, 0, 0, 0, 0, 0, 0, 0, 0,
  0, 0, 0, 0, 1, 0, 0, 1, 0, 0, 0, 0,
  0, 0, 0, 0, 0, 0, 0, 0, 0, 0, 0, 0,
  0, 0, 0, 0, 0, 1, 1, 0, 0, 0, 0, 0,
  0, 0, 0, 0
],
 [
  0, 0, 0, 0, 0, 0, 0, 0, 0, 1, 1, 0,
  0, 0, 0, 0, 0, 0, 0, 0, 0, 0, 0, 0,
  0, 0, 0, 0, 0, 0, 0, 0, 1, 0, 0, 1,
  0, 0, 0, 0, 0, 0, 0, 0, 0, 0, 0, 0,
  0, 0, 0, 0, 1, 1, 1, 1, 0, 0, 0, 0,
  0, 0, 0, 0, 0, 0, 0, 0, 0, 0, 0, 0,
  0, 0, 1, 1, 1, 0, 0, 1, 1, 1, 0, 0,
  0, 0, 0, 0, 0, 0, 0, 0, 0, 1, 0, 0,
  0, 0, 0, 0, 0, 0, 1, 0, 0, 0, 0, 0,
  0, 0, 0, 0, 0, 0, 0, 0, 0, 1, 0, 0,
  0, 0, 0, 0, 0, 0, 1, 0, 0, 0, 0, 0,
  0, 0, 0, 0, 0, 0, 1, 1, 1, 0, 0, 1,
  1, 1, 0, 0, 0, 0, 0, 0, 0, 0, 0, 0,
  0, 0, 0, 0, 0, 0, 0, 0, 1, 1, 1, 1,
  0, 0, 0, 0, 0, 0, 0, 0, 0, 0, 0, 0,
  0, 0, 0, 0, 1, 0, 0, 1, 0, 0, 0, 0,
  0, 0, 0, 0, 0, 0, 0, 0, 0, 0, 0, 0,
  0, 0, 0, 0, 0, 1, 1, 0, 0, 0, 0, 0,
  0, 0, 0, 0
],
  [
  0, 0, 0, 0, 0, 0, 0, 0, 0, 1, 1, 0,
  0, 0, 0, 0, 0, 0, 0, 0, 0, 0, 0, 0,
  0, 0, 0, 0, 0, 0, 0, 0, 1, 0, 0, 1,
  0, 0, 0, 0, 0, 0, 0, 0, 0, 0, 0, 0,
  0, 0, 0, 0, 1, 1, 1, 1, 0, 0, 0, 0,
  0, 0, 0, 0, 0, 0, 0, 0, 0, 0, 0, 0,
  0, 0, 1, 1, 1, 0, 0, 1, 1, 1, 0, 0,
  0, 0, 0, 0, 0, 0, 0, 0, 0, 1, 0, 0,
  0, 0, 0, 0, 0, 0, 1, 0, 0, 0, 0, 0,
  0, 0, 0, 0, 0, 0, 0, 0, 0, 1, 0, 0,
  0, 0, 0, 0, 0, 0, 1, 0, 0, 0, 0, 0,
  0, 0, 0, 0, 0, 0, 1, 1, 1, 0, 0, 1,
  1, 1, 0, 0, 0, 0, 0, 0, 0, 0, 0, 0,
  0, 0, 0, 0, 0, 0, 0, 0, 1, 1, 1, 1,
  0, 0, 0, 0, 0, 0, 0, 0, 0, 0, 0, 0,
  0, 0, 0, 0, 1, 0, 0, 1, 0, 0, 0, 0,
  0, 0, 0, 0, 0, 0, 0, 0, 0, 0, 0, 0,
  0, 0, 0, 0, 0, 1, 1, 0, 0, 0, 0, 0,
  0, 0, 0, 0
],
  [
  0, 0, 0, 0, 0, 0, 0, 0, 0, 1, 1, 0,
  0, 0, 0, 0, 0, 0, 0, 0, 0, 0, 0, 0,
  0, 0, 0, 0, 0, 0, 0, 0, 0, 1, 1, 0,
  0, 0, 0, 0, 0, 0, 0, 0, 0, 0, 0, 0,
  0, 0, 0, 0, 1, 0, 0, 1, 0, 0, 0, 0,
  0, 0, 0, 0, 0, 0, 0, 0, 0, 0, 0, 0,
  0, 0, 1, 1, 1, 0, 0, 1, 1, 1, 0, 0,
  0, 0, 0, 0, 0, 0, 0, 0, 0, 1, 0, 0,
  0, 0, 0, 0, 0, 0, 1, 0, 0, 0, 0, 0,
  0, 0, 0, 0, 0, 0, 0, 0, 0, 1, 0, 0,
  0, 0, 0, 0, 0, 0, 1, 0, 0, 0, 0, 0,
  0, 0, 0, 0, 0, 0, 1, 1, 1, 0, 0, 1,
  1, 1, 0, 0, 0, 0, 0, 0, 0, 0, 0, 0,
  0, 0, 0, 0, 0, 0, 0, 0, 1, 0, 0, 1,
  0, 0, 0, 0, 0, 0, 0, 0, 0, 0, 0, 0,
  0, 0, 0, 0, 0, 1, 1, 0, 0, 0, 0, 0,
  0, 0, 0, 0, 0, 0, 0, 0, 0, 0, 0, 0,
  0, 0, 0, 0, 0, 1, 1, 0, 0, 0, 0, 0,
  0, 0, 0, 0
]
];
